Ground Truth
(-0.00018963528581429528, 2.8459086280330543e-05, 1.4213222310014686)
(-0.00018290268358516886, 1.963413682195776e-05, 1.4213274145898402)
(-0.00016828787817947587, 3.739310821625545e-05, 1.4213310389449503)
(-0.00015725972032836857, 4.267131862527052e-05, 1.4213200252903708)
(-0.0001506364808144353, 5.6786436052426265e-05, 1.4213277214889526)
(-0.00011997078381028112, 4.754015652479276e-05, 1.4213533612788878)
(-0.00011363442377987843, 6.360094971305275e-05, 1.4213543062020908)
(-0.00010280113215223618, 7.722433029851509e-05, 1.4213579209339398)
(-0.00010206479088190122, 6.912377077878793e-05, 1.4213591780019694)
(-8.635779545281711e-05, 3.544994468304534e-05, 1.4213363744717915)
(-7.916959806761223e-05, 4.3613313823677905e-05, 1.4213428145353717)
(-7.410683262274855e-05, 6.724354671430315e-05, 1.4213588664121763)
(-9.691731687604811e-05, 4.7703623722439766e-05, 1.4213469085802026)
(-0.00012036802311938947, 4.5138767440172975e-05, 1.4213274093888042)
(-0.00014149493564911256, 4.236768070244466e-05, 1.4213255192210972)
(-0.00014189357297027691, 5.437719216105381e-05, 1.4213195453446945)
(-0.00013911676334152885, 8.515601908854179e-05, 1.421334171958751)
(-0.00013911028782168542, 7.281026737589795e-05, 1.421344083798403)
(-0.00011126388753242294, 7.72079288742658e-05, 1.421369089597337)
(-0.00012346128510747837, 7.054702932101019e-05, 1.4213440834118145)
(-0.0001122051374081588, 9.110992978838565e-05, 1.4213643729107943)
(-8.920603711724878e-05, 0.00011206668791554429, 1.4213760085300842)
(-9.701702773254045e-05, 0.00013677083187576945, 1.4213476982594242)
(-9.771884426358813e-05, 0.00013241216218507182, 1.4213484881038687)
(-8.730877624728207e-05, 8.77014495688639e-05, 1.421336373805533)
(-8.511108594194046e-05, 8.609560100578608e-05, 1.4213385763531676)
(-0.00010279536194375667, 8.830672891400842e-05, 1.4213107334099968)
(-0.00010030628503048229, 8.656189098479479e-05, 1.421326462420768)
(-0.00010000140805994694, 0.00011446920217781697, 1.4213211233332739)
(-0.00011188777124685327, 0.00012083014170303858, 1.421318597844717)
(-0.00010462953922726229, 0.00010947888899539122, 1.4213153056382277)
(-0.00010537724373541037, 9.330182192463317e-05, 1.4213510017616717)
(-0.00010870673387282452, 7.663519516091679e-05, 1.421346285529964)
(-0.00010331978609983278, 8.986525506538875e-05, 1.4213679880618437)
(-0.00014326715539262572, 4.8522264332047814e-05, 1.4213574559801203)
(-0.00014909647216955938, 4.2476221392006e-05, 1.4213462880971088)
(-0.0001533176259417677, 4.5911875269547895e-05, 1.4213333841870728)
(-0.0001482202151732754, 3.370213186611349e-05, 1.4213197023773898)
(-0.0001436472758948926, 3.595133504359681e-05, 1.4213300919837824)
(-0.00015062292939750334, 3.0970189507231e-05, 1.4213214381967367)
(-0.00014808742788755466, 3.339513836621149e-05, 1.421297688825391)
(-0.00014823560222898495, 3.0156955832650416e-05, 1.4212920271079064)
(-0.0001303342386214253, 4.537597411277927e-06, 1.4213178118843253)
(-0.00011562346926569792, -1.3610632305180637e-05, 1.4213266338097963)
(-0.00011418077355374257, -1.2030368074772028e-05, 1.4213132627899512)
(-9.612857683114737e-05, 1.1543995165212402e-05, 1.4213118364298338)
(-0.00011411191610087167, -1.785191320652428e-05, 1.4213011493410146)
(-0.00012771211540651243, -4.496683195869231e-05, 1.4212753567697018)
(-0.00012377979482834924, -1.4271986032442705e-05, 1.4212884017504135)
(-0.00012949433524209682, 8.790501631227538e-08, 1.421306176852231)
(-0.00011266515659636667, -6.681093329489811e-06, 1.421298934462853)
(-9.122079388331694e-05, -2.4951401512501177e-05, 1.4213014597082756)
(-9.101902048647207e-05, -4.374676587007941e-05, 1.4213228517982242)
(-0.00011745140912886587, -3.858871467848214e-05, 1.421334488689903)
(-0.00012442756009959377, -1.7523823187136916e-05, 1.421318602893858)
(-0.00012385524791022956, -5.657865791350728e-06, 1.421331494324899)
(-9.073650850496595e-05, 1.3566958127945914e-06, 1.4213472213241072)
(-9.094468575386292e-05, -1.2980935412359415e-05, 1.4213478562906865)
(-9.4188873938371e-05, -1.2180295810069845e-05, 1.4213245740321134)
(-0.00011628474863687078, -5.065541034949142e-06, 1.4213171889443164)
(-0.00010501069524589446, -3.225800386482053e-05, 1.4213121622620957)
(-0.00012159661493574274, -5.1864065478329786e-05, 1.4213035106728478)
(-0.0001273775153740013, -6.0717207214793265e-05, 1.421284479419081)
(-0.0001336067717440497, -3.177013972379895e-05, 1.4213223754829654)
(-0.00013691086678710532, -4.5992543621528445e-05, 1.421337639096439)
(-0.00012055499908041811, -3.475912930804096e-05, 1.4213467583226749)
(-0.00011875973346590218, -2.0579222211523715e-05, 1.4213503723286987)
(-0.00014857965211715452, -1.7427047209627505e-05, 1.4213310415716027)
(-0.0001518695070773469, -1.2671849208176541e-05, 1.421339684371201)
(-0.00017258026195417415, -1.975004794389592e-06, 1.4213447129868944)
(-0.0001876425451489551, 7.014890414040514e-06, 1.421339051463883)
(-0.0001775723710725135, 4.2952319193742846e-05, 1.4213539987172743)
(-0.00018630643653252428, 2.3090476243012868e-05, 1.4213362247394394)
(-0.0001954397947642367, -4.474283671646947e-06, 1.4213061825973334)
(-0.00020471221602394522, -1.1296539586205178e-05, 1.4213028804953916)
(-0.0002027462848319965, -2.8947626026667485e-05, 1.4212926712383314)
(-0.00018862563264600637, -1.2799239150431735e-05, 1.421287473075598)
(-0.0001853765858866467, -1.797893084339183e-05, 1.4212891971847386)
(-0.00017574517639781825, -3.3972772462012025e-05, 1.4212674959489973)
(-0.00019077516694417465, -3.454396323110513e-05, 1.421301313279268)
(-0.00017891532834767647, -3.1594226008575234e-05, 1.4213266406587712)
(-0.00016573366189721197, -2.609268892407219e-05, 1.4213514779163716)
(-0.00019166840636217282, -3.6927007372006158e-06, 1.4213466061037163)
(-0.00017085623493881267, -1.1817324775863706e-05, 1.4213390516662225)
(-0.000148564748684742, 1.2433684368757398e-05, 1.4213344872163407)
(-0.00016341566338061474, 2.0079579983841612e-05, 1.421326946072033)
(-0.0001569860677563523, 1.9321576050419337e-05, 1.4213337089626132)
(-0.0001682823952639298, 2.0500323989669508e-05, 1.421303508579175)
(-0.0001666229911428806, 2.686032970761626e-05, 1.421297056154907)
(-0.00014560177291387952, 3.2269664326359045e-05, 1.4212872989322365)
(-0.0001385792636301805, 6.465636505924583e-05, 1.4212556957087026)
(-0.00015056054505020383, 6.092002630730571e-05, 1.421282425743752)
(-0.00016711168333442312, 5.731259271733183e-05, 1.4212846292224663)
(-0.00014989248315718933, 6.226485550277277e-05, 1.4212948506965544)
(-0.0001329895146931833, 4.565440820010072e-05, 1.421282748574835)
(-0.00014002795195955348, 2.2153258588953696e-05, 1.4213304039025652)
(-0.0001442465830950745, -3.2936573406009366e-06, 1.421369406089035)
(-0.00015901254990434983, -4.0096363371504685e-07, 1.421366570139001)
(-0.00017724493436507748, 1.2602691227671934e-06, 1.421371455268148)
(-0.00020463914442509678, -3.6692085477241476e-05, 1.4213551100014172)
(-0.00020282842644250975, -4.937705093823498e-05, 1.4213406390514451)
(-0.00022020962331953246, -5.610715284042731e-05, 1.4213227105607964)
(-0.0002029961571231261, -1.2649913596987093e-05, 1.421335918347613)
(-0.0001597986662829957, 2.2120922153629642e-05, 1.4213363785144333)
(-0.00016535909741930392, 2.439789927408579e-05, 1.4213412508437677)
(-0.00017111971080878915, 1.227722073550067e-05, 1.4213571486810324)
(-0.00016189220402767818, 7.453495702183439e-07, 1.4213842025460877)
(-0.00016086251680493048, -9.10701514096339e-06, 1.4213816777570543)
(-0.0001698400200830587, -1.1341340215043302e-05, 1.4214095226923256)
(-0.000137984660467542, -3.6078535941313755e-06, 1.4214049470315617)
(-0.0001240813597035487, 2.291955573673592e-07, 1.4214156476342632)
(-0.00014071032642439327, 1.397902249011776e-05, 1.4214290193059664)
(-0.00015129238493196868, 8.790368330594126e-06, 1.4214348383369806)
(-0.00015023978635652849, 1.3012510047941521e-05, 1.4213920539723865)
(-0.000136387503094907, 1.5756749611355074e-05, 1.4214054242618968)
(-0.00015269987934209194, 2.8348705254118492e-05, 1.421407782772258)
(-0.00015499724880246665, 6.665659192921464e-06, 1.4214368857310624)
(-0.00014950090798129988, 2.0906059348895016e-05, 1.4214382970538393)
(-0.0001507893447076459, 2.7278185567096644e-05, 1.4214258708082759)
(-0.00011999484188379352, 3.8335996427785e-05, 1.4214274486119955)
(-9.221977437566829e-05, 1.2241694068115513e-05, 1.4214224089973315)
(-7.078959838753408e-05, 3.8475193469903564e-05, 1.421413130101768)
(-4.6177306515893445e-05, 7.015721988734106e-06, 1.4214013387469087)
(-8.444373809825471e-05, 1.1824121114948332e-05, 1.421409360187714)
(-9.856185887842379e-05, 4.802025820956928e-06, 1.4213928414505543)
(-0.0001359759770540719, 2.329759886949991e-06, 1.4213865588129713)
(-0.00013157119795807306, 2.1810480527848655e-05, 1.4213703492843812)
(-0.00014858605056668433, 2.229290873735466e-05, 1.4213527412509743)
(-0.0001245139367626117, 2.387106047030343e-05, 1.4213593359328793)
(-0.0001110224300360715, 4.2226387322375336e-05, 1.4213552407993884)
(-0.00011548786718621028, 3.725631512517238e-05, 1.4213409361015288)
(-0.00011358372294137148, 4.2530208068187037e-05, 1.4213502130649005)
(-0.00010902768070781364, 5.7583765248079335e-05, 1.4213712925588415)
(-0.00011334776617479562, 5.265385315179597e-05, 1.421395354115321)
(-0.00010181578956530963, 4.326687337571592e-05, 1.4214080911498341)
(-8.971510186899768e-05, 4.9533419948702394e-05, 1.4213763317554349)
(-7.240394061090827e-05, 3.720647168892623e-05, 1.4213679883600798)
(-0.00010314978754557523, -6.118284990028176e-07, 1.4213723958929922)
(-0.0001045529367863361, -9.650267892958717e-06, 1.4213738091002226)
(-0.00011203564020461341, -4.312762744019127e-06, 1.4213917413266315)
(-0.00011142296239801078, -1.3133116546510015e-05, 1.421386713917426)
(-9.321351711131115e-05, -2.2172345801638863e-05, 1.4214074709232902)
(-8.541640695434732e-05, -3.1604119518480735e-05, 1.421416748558175)
(-8.779974670773433e-05, -1.1097788547693731e-05, 1.4214030648054152)
(-9.015840648876298e-05, 1.3960695803274418e-05, 1.4214032194866164)
(-0.00010407531376603947, -3.3136162195519225e-05, 1.421409674916649)
(-0.00012698574068787885, -7.229552335152196e-05, 1.4214285581798314)
(-0.0001291025493646077, -7.68027252351072e-05, 1.4214373694439786)
(-0.0001583622754600553, -8.004405231583429e-05, 1.4214129883034243)
(-0.00015530854520391386, -7.210445752483602e-05, 1.4214211632734315)
(-0.00017198139081625404, -4.8248568916715085e-05, 1.4214260347746093)
(-0.0001771646715853424, -6.481208505217279e-05, 1.4214202308984525)
(-0.00015541993411704057, -4.964189154396754e-05, 1.4214137745798852)
(-0.00014079365659893547, -5.084248900782921e-05, 1.4214038498820412)
(-0.00015680764275822703, -3.540467648193671e-05, 1.421428401797033)
(-0.00014466513686250696, -1.1916346606173286e-05, 1.4214655094942596)
(-0.00013053231468670504, -2.6492577409279203e-05, 1.4214714833037918)
(-0.00013084873938442104, -2.1497574724241865e-05, 1.4214680232264474)
(-0.00013796738952247947, -2.6041673103316692e-05, 1.4214982276929)
(-0.00013761939084095832, -1.2215685711596158e-05, 1.4215197752765)
(-0.00013057369639147572, -7.2118159375201865e-06, 1.421513800506519)
(-0.0001334923862592283, 4.57353675929035e-06, 1.4215164697097993)
(-0.00012247671818182203, -2.1069054789955014e-05, 1.4215149022850366)
(-0.00013969673230838543, -2.562155198863454e-05, 1.4215183637492823)
(-0.0001464250470832459, -2.772530520757361e-05, 1.4214914647097807)
(-0.00016022486565649038, -3.4661923614055665e-05, 1.4214754249486767)
(-0.00017704764035339143, -3.1448723625775906e-05, 1.421448215732641)
(-0.00022392797702516085, -3.275701405667894e-05, 1.4214518366464943)
(-0.00020599548301143922, -3.594352316133222e-05, 1.4214861206105143)
(-0.00018607933293794026, -2.4576619206547205e-05, 1.4214738581295334)
(-0.00018121255461299454, -3.4304791203371356e-05, 1.4214680289903145)
(-0.00019824846134603791, -5.821671448165755e-05, 1.4214884923841047)
(-0.0001884007387546323, -4.3874701393315105e-05, 1.4214980787223384)
(-0.00020486760244205698, -4.208510167155058e-05, 1.421525447394818)
(-0.00021592156090441097, -4.715926507970836e-05, 1.4215419701263385)
(-0.00022981188972475685, -6.493066966944008e-05, 1.421540561759023)
(-0.00020764578735149743, -4.0940930877104536e-05, 1.421554083540815)
(-0.00021648757526268378, -4.3666390302067865e-05, 1.4215613161136078)
(-0.00021198141367971158, -5.123350145045008e-05, 1.4215831888296673)
(-0.0002069106273738872, -4.610683306050484e-05, 1.4215776804979996)
(-0.00021036934664436191, -2.593160617563072e-05, 1.4215786126023726)
(-0.00022110561736878362, -1.6847249642545995e-05, 1.421569645885347)
(-0.00022794889807705845, -3.404539801167464e-05, 1.4215466868891449)
(-0.00023376009842584613, -4.070900549849782e-05, 1.421543540085597)
(-0.0002259272578673501, -6.737908729138674e-05, 1.421544332769152)
(-0.00019066501114885746, -7.217120053826735e-05, 1.4215048463491062)
(-0.0002007391248826054, -0.00010083455444498996, 1.4214982436193089)
(-0.00023520492146697958, -0.00010415117137821117, 1.421481896548324)
(-0.00022097814691959087, -0.00010822442483456599, 1.4214817276144749)
(-0.00021499169980159134, -0.00011465836836989561, 1.4214874017070063)
(-0.0001975590527035121, -0.00010763965219798367, 1.4214899119276414)
(-0.00020787248953352348, -0.00011790146340186317, 1.4214476086076062)
(-0.00023032264462610058, -0.00010667263663561702, 1.4214162947637858)
(-0.00022980775966882527, -9.770227949846778e-05, 1.4214258937020103)
(-0.00017612039652981635, -8.785051253678094e-05, 1.4214244716955182)
(-0.0001799803374468406, -0.00010167998785817182, 1.4214057517434735)
(-0.00020503610958041063, -0.00012373658066806975, 1.421393021818429)
(-0.0002033302642536057, -0.00014488116111455065, 1.4213920794670893)
(-0.00020557424414255197, -0.00015388755415641887, 1.421390824470138)
(-0.0002253321709335792, -0.0001314664313021544, 1.4213972761328557)
(-0.00022885095277984854, -0.00013468025860528533, 1.421382960420828)
(-0.0002252792102028935, -0.0001644419244946252, 1.4213859578781225)
(-0.0002123618766066516, -0.00013072432327875094, 1.421381232837795)
(-0.00017960904369175703, -0.00014180721365917733, 1.4213525957573712)
(-0.00017075985588197657, -0.00014893891105590172, 1.4213420612962433)
(-0.00016043771134174423, -0.00016034029645858075, 1.421348669131137)
(-0.00014138278466001744, -0.00015057200814366114, 1.4213223898886385)
(-0.00015272020319911616, -0.00014775127945195057, 1.4213178304204401)
(-0.00013359148853006085, -0.00015285017965595155, 1.421308084286815)
(-0.00011789794903734175, -0.00017796345524578733, 1.421277573602074)
(-9.097817909293496e-05, -0.00021116498777302777, 1.42128953253365)
(-0.00010871433141825497, -0.00018601981800715097, 1.4213049373769224)
(-7.759890424648456e-05, -0.00018689154855748764, 1.4213039875766187)
(-5.517312169242267e-05, -0.00015875666787326683, 1.4213146828039693)
(-5.824497840095683e-05, -0.00013665137149611645, 1.4213126340245306)
(-5.425416511323653e-05, -0.00015563888801426644, 1.4213102657610328)
(-7.968704893709016e-05, -0.00018827600016022963, 1.4213090273131597)
(-8.574044342810828e-05, -0.00020678354293038524, 1.4212783630084391)
(-0.0001190128257671299, -0.00020764224586808407, 1.4212859097220796)
(-0.0001342184011140776, -0.0002192222789390824, 1.4212627998263025)
(-0.00016507399919410735, -0.00019706615501467617, 1.4212473841894544)
(-0.0001954102925607592, -0.00022025922842451243, 1.4212253701817188)
(-0.00020815772114802738, -0.00021595831352760986, 1.4212414232066626)
(-0.00022998406032832935, -0.00023043001542816176, 1.421257315326336)
(-0.000203799740901527, -0.00023898306872559565, 1.4212695690040198)
(-0.00018749649969477007, -0.00024007138781623595, 1.421282313587593)
(-0.00019522608536535484, -0.00025073815271112453, 1.4212947426230473)
(-0.00019395899963187675, -0.0002503584227602474, 1.4212554205706338)
(-0.00020360879199501626, -0.00022945736599645232, 1.4212473982114606)
(-0.0001977309447004307, -0.00020797314196499043, 1.4212300959094142)
(-0.00019619558109504256, -0.0002003115794191334, 1.4212477019978043)
